85
119
137
143
158
159
175
187
191
206
214
232
247
271
298
401
444
450
453
564
581
596
598
612
681
727
738
750
767
772
807
815
838
853
861
888
937
942
951
1003
1046
1065
1071
1125
1134
1148
1206
1302
1546
1690
1775
1935
1971
1972
1978
1986
2019
2021
2022
2082
2083
2088
2092
2099
2118
2123
2130
2131
2133
2140
2141
2142
2145
2148
2153
2156
2160
2162
2170
2171
2173
2177
2179
2182
2187
2215
2216
2232
2244
2249
2250
2265
2266
2267
2269
2274
2283
2284
2308
2311
2315
2344
2349
2366
2369
2370
2375
2381
2405
2431
2435
2441
2443
2462
2471
2474
2476
2477
2478
2484
2487
2512
2519
2520
2522
2524
2541
2550
2551
2554
2559
2564
2575
2576
2578
2583
2585
2609
2610
2617
2622
2629
2631
2637
2646
2650
2654
2655
2656
2658
2662
2666
2673
2675
2676
2678
2708
2712
2713
2719
2720
2725
2726
2727
2732
2733
2749
2751
2756
2762
2764
2769
2771
2781
2786
2794
2800
2801
2802
2803
2806
2812
2818
2891
2895
2905
2907
2909
2913
2949
2951
2955
2958
2973
2978
2983
2995
3000
3003
3007
3009
3015
3016
3019
3032
3040
3042
3043
3059
3062
3066
3075
3080
3100
3105
3108
3114
3117
3121
3125
3143
3148
3151
3152
3154
3156
3157
3158
3161
3168
3198
3203
3219
3222
3226
3241
3249
3251
3255
3261
3278
3279
3285
3291
3292
3305
3308
3310
3324
3325
3333
3339
3340
3342
3345
3348
3350
3354
3355
3365
3366
3367
3372
3373
3375
3379
3381
3382
3384
3385
3386
3387
3392
3393
3394
3397
3403
3404
3405
3406
3410
3414
3417
3419
3440
3446
3449
3454
3461
3463
3467
3475
3476
3478
3488
3494
3510
3512
3518
3519
3553
3559
3562
3598
3636
3637
3639
3640
3647
3648
3652
3657
3658
3661
3672
3675
3676
3685
3687
3690
3696
3698
3702
3706
3715
3724
3730
3734
3736
3737
3739
3741
3742
3746
3749
3750
3759
3763
3767
3779
3780
3783
3784
3793
3821
3823
3825
3826
3827
3869
3877
3878
3883
3890
3899
3902
3911
3914
3915
3928
3929
3937
3948
3950
3954
3956
3957
3958
3961
3962
3964
3998
4004
4011
4030
4032
4033
4034
4036
4043
4044
4046
4052
4053
4054
4057
4058
4060
4062
4064
4075
4078
4086
4091
4095
4100
4101
4107
4112
4114
4121
4138
4140
4158
4159
4160
4163
4168
4170
4171
4173
4174
4178
4189
4192
4195
4196
4197
4200
4201
4205
4211
4212
4236
4253
4259
4264
4409
4411
4419
4421
4425
4428
4436
4440
4449
4451
4463
4473
4485
4493
4497
4506
4509
4510
4513
4536
4539
4542
4543
4547
4583
4585
4594
4595
4599
4601
4603
4607
4609
4614
4616
4623
4634
4635
4638
4645
4666
4674
4675
4679
4689
4691
4723
4724
4725
4727
4730
4736
4737
4739
4740
4745
4748
4768
4771
4775
4812
4819
4828
4829
4834
4845
4856
4865
4870
4873
4885
4889
4891
4893
4894
4900
4908
4909
4911
4913
4914
4915
4917
4919
4920
4927
4932
4934
4935
4943
4946
4976
4991
4993
5002
5005
5029
5035
5038
5039
5040
5052
5064
5070
5071
5073
5076
5077
5078
5090
5095
5152
5155
5193
5195
5203
5206
5210
5212
5215
5234
5245
5253
5267
5291
5297
5300
5314
5318
5320
5333
5342
5344
5352
5358
5359
5372
5376
5379
5381
5391
5394
5396
5401
5402
5403
5404
5408
5412
5419
5426
5430
5452
5453
5454
5466
5472
5478
5479
5486
5487
5496
5503
5504
5505
5508
5512
5514
5515
5516
5523
5525
5526
5530
5533
5538
5544
5546
5556
5566
5572
5578
5582
5584
5591
5593
5596
5625
5636
5645
5647
5650
5651
5656
5665
5672
5717
5718
5719
5721
5726
5731
5732
5734
5735
5746
5771
5775
5878
5978
6049
6058
6256
6476
6503
6691
7029
7187
7638
8612
8953
9034
9433
9904
10100
10548
10631
12536
12555
12620
13342
14888
16231
16362
16850
18140
19090
20585
22507
23897
24011
25419
25517
27400
27661
27686
27991
28112
30623
31378
31477
32170
32797
32800
34312
34633
36339
36811
37393
38904
39042
39507
39765
39860
40159
40704
40976
41317
41693
41744
41774
41781
42113
42615
44564
47319
47320
47472
47641
47725
48041
48175
50294
50614
51263
51577
51634
52421
54374
54454
54547
54688
54786
54841
56339
56959
57469
57537
59708
59768
60147
60164
60169
60184
60198
60612
60613
60696
60707
60714
60753
60754
60787
60795
60815
60831
60835
60843
60852
60854
60865
60871
60877
60879
60937
60953
62816
62819
62867
62924
62959
64147
65027
65863
65999
68740
68844
71158
71273
71301
71329
71616
72054
72057
72467
72938
74989
77992
77993
77999
82146
83786
87177
91270
93860
96312
104741
104758
104803
104865
110634
110635
115237
119182
119607
122316
123606
123620
123631
124087
125017
125889
130881
131536
145068
147912
148192
148211
150310
150311
150610
151165
152945
153941
154059
156419
157922
158440
160051
163742
166548
170361
176168
176870
197712
213039
216239
216326
222786
315411
365716
438204
443871
444013
444033
450096
477468
504578
508230
657298
667490
1349907
2761171
3000502
3002190
3062316
3081884
3085017
3086258
3086672
3468412
4183806
4475485
4479097
4630253
4659568
4659569
5229711
5281007
5281104
5282044
5282226
5311027
5311039
5311048
5311082
5311181
5311297
5329102
5353894
5353980
5361912
5362070
5362420
5381226
5462337
5473385
5481350
5487301
5493381
5493444
6323497
6398525
6398970
6435110
6436173
6447131
6918453
9571074
11947681
11954225
